Some((
    red: 0.9490196,
    green: 0.8352941,
    blue: 0.8117647,
))